
max: [1410.47, 987.42, 55.11, 119.4, 49.03, 28.16, 82.79, 28.0, 13.97, 27.38]
min: [296.16, 518.08, 47.95, 86.09, 41.97, 19.69, 77.36, 20.08, 9.82, 11.77]

mean: [1158.6567020833334, 808.7923868055557, 52.91, 98.74900000000001, 46.155, 22.767999999999997, 79.91239649103869, 23.175578525261763, 11.780133431577791, 16.55642277209142]
std: [323.1642676660657, 90.43884024472065, 2.4225110938858454, 9.818972909627565, 2.294803913191714, 2.3623793090864975, 0.9401414682840356, 1.3408221256542503, 0.8823759886082594, 2.6862886340933017]
